Hutchins,44350.0,0.0,0.0,0.0,0.0,0.0,0.0,0.0,229.0,229.0,0.0,0.0,1559.0,1325.0,1047.0,59.0,356.0,811.0,414.0,543.0,264.0,128.0,237.0,163.0,319.0,200.0,0.0,0.0,0.0,0.0,0.0,0.0,0.0,285.0,163.0,269.0,210.0,73.0,1330.0,950.0,70.0,70.0,478.0,0.0,35.0,286.0,25.0,70.0,173.0,0.0,0.0,494.0,396.0,0.0,616.0,66.0,0.0,0.0,0.0,0.0,0.0,0.0,0.0,0.0,0.0,18728.0,3134.0,4878.0,11861.0,21032.0,5950.0,3732.0,9726.0,10853.0,165.0,2523.0,7280.0,3421.0,14865.0,17506.0,3133.0,314.0,14040.0,10253.0,16993.0,5190.0,2093.0,3462.0,295.0,3243.0,100.0,0.0,0.0,0.0,0.0,0.0,0.0,0.0,0.0,0.0,0.0,0.0,0.0,0.0,0.0,0.0,0.0,0.0,0.0,0.0,0.0,0.0,0.0,0.0,0.0,0.0,0.0,0.0,0.0,0.0,0.0,0.0,0.0,0.0,0.0,0.0,0.0,0.0,0.0,0.0,0.0,0.0,0.0,0.0,0.0,0.0,0.0,0.0,0.0,0.0,0.0,0.0,0.0,0.0,0.0,0.0,0.0,0.0,0.0,0.0,0.0,0.0,0.0,0.0,0.0,0.0,0.0,0.0,0.0,0.0,0.0,0.0,0.0,0.0,0.0,0.0,0.0,0.0,0.0,0.0,0.0,0.0,0.0,0.0,0.0,0.0,0.0,0.0,0.0,0.0,0.0,0.0,0.0,0.0,0.0,0.0,0.0,0.0,0.0,0.0,0.0,0.0,0.0,0.0,0.0,0.0,0.0,0.0,0.0,0.0,0.0,0.0,0.0,0.0,0.0,0.0,0.0,0.0,0.0,0.0,0.0,0.0,0.0,0.0,0.0,0.0,0.0,0.0,0.0,0.0,0.0,0.0,0.0,0.0,0.0,0.0,0.0,0.0,0.0,0.0,0.0,0.0,0.0,0.0,0.0,0.0,0.0,0.0,0.0,0.0,0.0,0.0,0.0,0.0,0.0,0.0,0.0,0.0,0.0,0.0,0.0,0.0,0.0,0.0,0.0,0.0,0.0,0.0,0.0,0.0,0.0,0.0,0.0,0.0,0.0,0.0,0.0,0.0,0.0,0.0,0.0,0.0,0.0,0.0,0.0,0.0,0.0,0.0,0.0,0.0,0.0,0.0,0.0,0.0,0.0,0.0,0.0,0.0,0.0,0.0,0.0,0.0,0.0,0.0,0.0,0.0,0.0,0.0,0.0,0.0,0.0,0.0,0.0,0.0,0.0,0.0,0.0,0.0,0.0,0.0,0.0,0.0,0.0,0.0,0.0,0.0,0.0,0.0,0.0,0.0,0.0,0.0,0.0,0.0,0.0,0.0,0.0,0.0,0.0,0.0,0.0,0.0,0.0,0.0,0.0,0.0,0.0,0.0,0.0,0.0,0.0,0.0,0.0,0.0,0.0,0.0,0.0,0.0,0.0,0.0,0.0,0.0,0.0,0.0,0.0,0.0,0.0,0.0,0.0,0.0,0.0,0.0,0.0,0.0,0.0,0.0,0.0,0.0,0.0,0.0,0.0,0.0,0.0,0.0,0.0,0.0,0.0,0.0,0.0,0.0,0.0,0.0,0.0,0.0,0.0,0.0,0.0,0.0,0.0,0.0,0.0,0.0,0.0,0.0,0.0,0.0,0.0,0.0,0.0,0.0,0.0,0.0,0.0,0.0,0.0,0.0,0.0,0.0,0.0,0.0,0.0,0.0,0.0,0.0,0.0,0.0,0.0,0.0,0.0,0.0,0.0,0.0,0.0,0.0,0.0,0.0,0.0,0.0,0.0,0.0,0.0,0.0,0.0,0.0,0.0,0.0,0.0,0.0,0.0,0.0,0.0,0.0,0.0,0.0,0.0,0.0,0.0,0.0,0.0,0.0,0.0,0.0,0.0,0.0,0.0,0.0,0.0,0.0,0.0,0.0,0.0,0.0,0.0,0.0,0.0,0.0,0.0,0.0,0.0,0.0,0.0,0.0,0.0,0.0,0.0,0.0,0.0,0.0,0.0,0.0,0.0,0.0,0.0,0.0,0.0,0.0,0.0,0.0,0.0,0.0,0.0,0.0,0.0,0.0,0.0,0.0,0.0,0.0,0.0,0.0,0.0,0.0,0.0,0.0,0.0,0.0,0.0,0.0,0.0,0.0,0.0,0.0,0.0,0.0,0.0,0.0,0.0,0.0,0.0,0.0,0.0,0.0,0.0,0.0,0.0,0.0,0.0,0.0,0.0,0.0,0.0,0.0,0.0,0.0,0.0,0.0,0.0,0.0,0.0,0.0,0.0,0.0,0.0,0.0,0.0,0.0,0.0,0.0,0.0,0.0,0.0,0.0,0.0,0.0,0.0,0.0,0.0,0.0,0.0,0.0,0.0,0.0,0.0,0.0,0.0,0.0,0.0,0.0,0.0,0.0,0.0,0.0,0.0,0.0,0.0,0.0,0.0,0.0,0.0,0.0,0.0,0.0,0.0,0.0,0.0,0.0,0.0,0.0,0.0,0.0,0.0,0.0,0.0,0.0,0.0,0.0,0.0,0.0,0.0,0.0,0.0,0.0,0.0,0.0,0.0,0.0,0.0,0.0,0.0,0.0,0.0,0.0,0.0,0.0,0.0,0.0,0.0,0.0,0.0,0.0,0.0,0.0,0.0,0.0,0.0,0.0,0.0,0.0,0.0,0.0,0.0,0.0,0.0,0.0,0.0,0.0,0.0,0.0,0.0,0.0,0.0,0.0,0.0,0.0,0.0,0.0,0.0,0.0,0.0,0.0,0.0,0.0,0.0,0.0,0.0,0.0,0.0,0.0,0.0,0.0,0.0,0.0,0.0,0.0,0.0,0.0,0.0,0.0,0.0,0.0,0.0,0.0,0.0,0.0,0.0,0.0,0.0,0.0,0.0,0.0,0.0,0.0,0.0,0.0,0.0,0.0,0.0,0.0,0.0,0.0,0.0,0.0,0.0,0.0,0.0,0.0,0.0,0.0,0.0,0.0,0.0,0.0,0.0,0.0,0.0,0.0,0.0,0.0,0.0,0.0,0.0,0.0,0.0,0.0,0.0,0.0,0.0,0.0,0.0,0.0,0.0,0.0,0.0,0.0,0.0,0.0,0.0,0.0,0.0,0.0,0.0,0.0,0.0,0.0,0.0,0.0,0.0,0.0,0.0,0.0,0.0,0.0,0.0,0.0,0.0,0.0,0.0,0.0,0.0,0.0,0.0,0.0,0.0,0.0,0.0,0.0,0.0,0.0,0.0,0.0,229.0,0.0,0.0,0.0,0.0,0.0,0.0,0.0,3.0,3.0,0.0,0.0,10.0,4.0,5.0,1.0,1.0,1.0,0.0,1.0,0.0,1.0,1.0,1.0,0.0,0.0,0.0,0.0,0.0,0.0,0.0,0.0,0.0,1.0,1.0,1.0,3.0,0.0,4.0,4.0,1.0,1.0,3.0,0.0,0.0,4.0,0.0,1.0,0.0,0.0,0.0,1.0,3.0,0.0,6.0,0.0,0.0,0.0,0.0,0.0,0.0,0.0,0.0,0.0,0.0,98.0,24.0,30.0,66.0,116.0,25.0,25.0,49.0,55.0,2.0,12.0,47.0,14.0,82.0,93.0,18.0,1.0,60.0,57.0,87.0,34.0,12.0,19.0,3.0,19.0,1.0,0.0,0.0,0.0,0.0,229.0,0.0,0.0,0.0,0.0,0.0,0.0,0.0,3.0,3.0,0.0,0.0,10.0,4.0,5.0,1.0,1.0,1.0,0.0,1.0,0.0,1.0,1.0,1.0,0.0,0.0,0.0,0.0,0.0,0.0,0.0,0.0,0.0,1.0,1.0,1.0,3.0,0.0,4.0,4.0,1.0,1.0,3.0,0.0,0.0,4.0,0.0,1.0,0.0,0.0,0.0,1.0,3.0,0.0,6.0,0.0,0.0,0.0,0.0,0.0,0.0,0.0,0.0,0.0,0.0,98.0,24.0,30.0,66.0,116.0,25.0,25.0,49.0,55.0,2.0,12.0,47.0,14.0,82.0,93.0,18.0,1.0,60.0,57.0,87.0,34.0,12.0,19.0,3.0,19.0,1.0,0.0,0.0,0.0,0.0,0.0,0.0,0.0,0.0,0.0,0.0,0.0,0.0,0.0,0.0,0.0,0.0,0.0,0.0,0.0,0.0,0.0,0.0,0.0,0.0,0.0,0.0,0.0,0.0,0.0,0.0,0.0,0.0,0.0,0.0,0.0,0.0,0.0,0.0,0.0,0.0,0.0,0.0,0.0,0.0,0.0,0.0,0.0,0.0,0.0,0.0,0.0,0.0,0.0,0.0,0.0,0.0,0.0,0.0,0.0,0.0,0.0,0.0,0.0,0.0,0.0,0.0,0.0,0.0,0.0,0.0,0.0,0.0,0.0,0.0,0.0,0.0,0.0,0.0,0.0,0.0,0.0,0.0,0.0,0.0,0.0,0.0,0.0,0.0,0.0,0.0,0.0,0.0,0.0,0.0,0.0,0.0,0.0,0.0,0.0,0.0,0.0,0.0,0.0,0.0,0.0,0.0,0.0,0.0,0.0,0.0,0.0,0.0,0.0,0.0,0.0,0.0,0.0,0.0,0.0,0.0,0.0,0.0,0.0,0.0,0.0,0.0,0.0,0.0,0.0,0.0,0.0,0.0,0.0,0.0,0.0,0.0,0.0,0.0,0.0,0.0,0.0,0.0,0.0,0.0,0.0,0.0,0.0,0.0,0.0,0.0,0.0,0.0,0.0,0.0,0.0,0.0,0.0,0.0,0.0,0.0,0.0,0.0,0.0,0.0,0.0,0.0,0.0,0.0,0.0,0.0,0.0,0.0,0.0,0.0,0.0,0.0,0.0,0.0,0.0,0.0,0.0,0.0,0.0,0.0,0.0,0.0,0.0,0.0,0.0,0.0,0.0,0.0,0.0,0.0,1559.0,0.0,0.0,0.0,0.0,0.0,0.0,0.0,10.0,10.0,0.0,0.0,71.0,41.0,38.0,4.0,16.0,35.0,17.0,24.0,6.0,4.0,8.0,5.0,10.0,8.0,0.0,0.0,0.0,0.0,0.0,0.0,0.0,9.0,5.0,7.0,6.0,1.0,40.0,30.0,2.0,2.0,16.0,0.0,1.0,12.0,0.0,2.0,7.0,0.0,0.0,14.0,16.0,0.0,22.0,1.0,0.0,0.0,0.0,0.0,0.0,0.0,0.0,0.0,0.0,646.0,101.0,171.0,404.0,740.0,200.0,137.0,347.0,378.0,7.0,81.0,257.0,112.0,530.0,619.0,122.0,11.0,484.0,365.0,592.0,202.0,80.0,125.0,14.0,113.0,4.0,0.0,0.0,0.0,0.0,1325.0,0.0,0.0,0.0,0.0,0.0,0.0,0.0,4.0,4.0,0.0,0.0,41.0,78.0,32.0,0.0,8.0,25.0,16.0,20.0,12.0,8.0,12.0,11.0,8.0,10.0,0.0,0.0,0.0,0.0,0.0,0.0,0.0,5.0,11.0,10.0,0.0,7.0,54.0,25.0,0.0,0.0,14.0,0.0,3.0,4.0,0.0,0.0,13.0,0.0,0.0,14.0,6.0,0.0,14.0,4.0,0.0,0.0,0.0,0.0,0.0,0.0,0.0,0.0,0.0,570.0,89.0,170.0,385.0,615.0,170.0,88.0,296.0,350.0,4.0,87.0,239.0,84.0,423.0,538.0,91.0,7.0,442.0,272.0,490.0,150.0,79.0,111.0,5.0,103.0,4.0,0.0,0.0,0.0,0.0,1047.0,0.0,0.0,0.0,0.0,0.0,0.0,0.0,5.0,5.0,0.0,0.0,38.0,32.0,28.0,2.0,10.0,20.0,11.0,15.0,6.0,3.0,6.0,4.0,7.0,6.0,0.0,0.0,0.0,0.0,0.0,0.0,0.0,7.0,4.0,7.0,3.0,2.0,32.0,23.0,1.0,1.0,10.0,0.0,1.0,7.0,1.0,1.0,6.0,0.0,0.0,11.0,8.0,0.0,14.0,2.0,0.0,0.0,0.0,0.0,0.0,0.0,0.0,0.0,0.0,443.0,69.0,116.0,274.0,511.0,145.0,91.0,232.0,251.0,4.0,54.0,174.0,86.0,352.0,424.0,72.0,7.0,337.0,246.0,399.0,119.0,50.0,79.0,7.0,77.0,2.0,0.0,0.0,0.0,0.0,59.0,0.0,0.0,0.0,0.0,0.0,0.0,0.0,1.0,1.0,0.0,0.0,4.0,0.0,2.0,1.0,0.0,0.0,0.0,0.0,0.0,0.0,0.0,0.0,0.0,0.0,0.0,0.0,0.0,0.0,0.0,0.0,0.0,0.0,0.0,0.0,0.0,0.0,0.0,1.0,0.0,0.0,1.0,0.0,0.0,2.0,0.0,0.0,0.0,0.0,0.0,0.0,1.0,0.0,2.0,0.0,0.0,0.0,0.0,0.0,0.0,0.0,0.0,0.0,0.0,22.0,4.0,7.0,9.0,40.0,10.0,10.0,14.0,12.0,1.0,1.0,12.0,5.0,26.0,26.0,7.0,1.0,16.0,21.0,22.0,10.0,3.0,2.0,2.0,5.0,0.0,0.0,0.0,0.0,0.0,356.0,0.0,0.0,0.0,0.0,0.0,0.0,0.0,1.0,1.0,0.0,0.0,16.0,8.0,10.0,0.0,17.0,21.0,8.0,17.0,0.0,1.0,5.0,1.0,4.0,8.0,0.0,0.0,0.0,0.0,0.0,0.0,0.0,4.0,1.0,1.0,0.0,0.0,7.0,6.0,0.0,0.0,0.0,0.0,0.0,0.0,0.0,0.0,4.0,0.0,0.0,4.0,1.0,0.0,1.0,0.0,0.0,0.0,0.0,0.0,0.0,0.0,0.0,0.0,0.0,157.0,9.0,35.0,95.0,126.0,33.0,26.0,75.0,78.0,0.0,11.0,40.0,21.0,119.0,132.0,16.0,0.0,133.0,74.0,116.0,32.0,15.0,35.0,0.0,34.0,1.0,0.0,0.0,0.0,0.0,811.0,0.0,0.0,0.0,0.0,0.0,0.0,0.0,1.0,1.0,0.0,0.0,35.0,25.0,20.0,0.0,21.0,44.0,20.0,29.0,4.0,1.0,8.0,3.0,8.0,10.0,0.0,0.0,0.0,0.0,0.0,0.0,0.0,10.0,3.0,5.0,0.0,2.0,20.0,14.0,0.0,0.0,7.0,0.0,2.0,0.0,0.0,0.0,8.0,0.0,0.0,12.0,7.0,0.0,3.0,0.0,0.0,0.0,0.0,0.0,0.0,0.0,0.0,0.0,0.0,336.0,21.0,71.0,194.0,330.0,98.0,54.0,173.0,189.0,0.0,35.0,112.0,60.0,281.0,291.0,57.0,3.0,286.0,177.0,280.0,73.0,34.0,68.0,3.0,70.0,1.0,0.0,0.0,0.0,0.0,414.0,0.0,0.0,0.0,0.0,0.0,0.0,0.0,0.0,0.0,0.0,0.0,17.0,16.0,11.0,0.0,8.0,20.0,16.0,16.0,5.0,0.0,2.0,3.0,5.0,4.0,0.0,0.0,0.0,0.0,0.0,0.0,0.0,3.0,3.0,0.0,0.0,0.0,18.0,6.0,0.0,0.0,5.0,0.0,3.0,0.0,0.0,0.0,6.0,0.0,0.0,8.0,2.0,0.0,4.0,0.0,0.0,0.0,0.0,0.0,0.0,0.0,0.0,0.0,0.0,182.0,14.0,43.0,105.0,180.0,62.0,32.0,79.0,105.0,0.0,20.0,59.0,35.0,147.0,149.0,24.0,3.0,168.0,90.0,137.0,35.0,16.0,27.0,1.0,24.0,0.0,0.0,0.0,0.0,0.0,543.0,0.0,0.0,0.0,0.0,0.0,0.0,0.0,1.0,1.0,0.0,0.0,24.0,20.0,15.0,0.0,17.0,29.0,16.0,24.0,2.0,2.0,6.0,4.0,5.0,8.0,0.0,0.0,0.0,0.0,0.0,0.0,0.0,5.0,4.0,1.0,0.0,1.0,16.0,7.0,0.0,0.0,3.0,0.0,2.0,1.0,0.0,0.0,9.0,0.0,0.0,7.0,3.0,0.0,3.0,0.0,0.0,0.0,0.0,0.0,0.0,0.0,0.0,0.0,0.0,237.0,16.0,56.0,148.0,217.0,64.0,38.0,112.0,127.0,0.0,21.0,79.0,36.0,183.0,197.0,29.0,1.0,202.0,111.0,181.0,49.0,24.0,46.0,1.0,46.0,1.0,0.0,0.0,0.0,0.0,264.0,0.0,0.0,0.0,0.0,0.0,0.0,0.0,0.0,0.0,0.0,0.0,6.0,12.0,6.0,0.0,0.0,4.0,5.0,2.0,6.0,0.0,1.0,1.0,4.0,0.0,0.0,0.0,0.0,0.0,0.0,0.0,0.0,1.0,1.0,2.0,0.0,1.0,14.0,8.0,0.0,0.0,4.0,0.0,1.0,0.0,0.0,0.0,1.0,0.0,0.0,6.0,0.0,0.0,3.0,0.0,0.0,0.0,0.0,0.0,0.0,0.0,0.0,0.0,0.0,109.0,15.0,30.0,60.0,126.0,44.0,22.0,57.0,69.0,0.0,18.0,29.0,23.0,92.0,109.0,17.0,4.0,104.0,63.0,101.0,26.0,12.0,15.0,0.0,11.0,0.0,0.0,0.0,0.0,0.0,128.0,0.0,0.0,0.0,0.0,0.0,0.0,0.0,1.0,1.0,0.0,0.0,4.0,8.0,3.0,0.0,1.0,1.0,0.0,2.0,0.0,2.0,2.0,2.0,0.0,0.0,0.0,0.0,0.0,0.0,0.0,0.0,0.0,0.0,2.0,1.0,0.0,1.0,4.0,2.0,0.0,0.0,0.0,0.0,0.0,1.0,0.0,0.0,2.0,0.0,0.0,0.0,1.0,0.0,1.0,0.0,0.0,0.0,0.0,0.0,0.0,0.0,0.0,0.0,0.0,53.0,10.0,19.0,46.0,56.0,13.0,7.0,31.0,31.0,0.0,8.0,26.0,5.0,34.0,54.0,8.0,0.0,34.0,22.0,55.0,18.0,9.0,13.0,0.0,11.0,1.0,0.0,0.0,0.0,0.0,237.0,0.0,0.0,0.0,0.0,0.0,0.0,0.0,1.0,1.0,0.0,0.0,8.0,12.0,6.0,0.0,5.0,8.0,2.0,6.0,1.0,2.0,4.0,2.0,1.0,2.0,0.0,0.0,0.0,0.0,0.0,0.0,0.0,2.0,2.0,3.0,0.0,2.0,6.0,5.0,0.0,0.0,1.0,0.0,0.0,1.0,0.0,0.0,3.0,0.0,0.0,2.0,1.0,0.0,1.0,0.0,0.0,0.0,0.0,0.0,0.0,0.0,0.0,0.0,0.0,97.0,11.0,28.0,66.0,99.0,23.0,15.0,56.0,54.0,0.0,11.0,38.0,12.0,76.0,97.0,15.0,0.0,74.0,48.0,88.0,25.0,14.0,23.0,0.0,24.0,1.0,0.0,0.0,0.0,0.0,163.0,0.0,0.0,0.0,0.0,0.0,0.0,0.0,1.0,1.0,0.0,0.0,5.0,11.0,4.0,0.0,1.0,3.0,3.0,4.0,1.0,2.0,2.0,3.0,0.0,0.0,0.0,0.0,0.0,0.0,0.0,0.0,0.0,0.0,3.0,1.0,0.0,1.0,7.0,2.0,0.0,0.0,1.0,0.0,1.0,1.0,0.0,0.0,3.0,0.0,0.0,1.0,1.0,0.0,2.0,0.0,0.0,0.0,0.0,0.0,0.0,0.0,0.0,0.0,0.0,71.0,12.0,25.0,57.0,74.0,19.0,10.0,34.0,42.0,0.0,10.0,36.0,9.0,49.0,66.0,10.0,0.0,51.0,29.0,63.0,19.0,10.0,14.0,0.0,12.0,1.0,0.0,0.0,0.0,0.0,319.0,0.0,0.0,0.0,0.0,0.0,0.0,0.0,0.0,0.0,0.0,0.0,10.0,8.0,7.0,0.0,4.0,8.0,5.0,5.0,4.0,0.0,1.0,0.0,6.0,2.0,0.0,0.0,0.0,0.0,0.0,0.0,0.0,2.0,0.0,0.0,0.0,0.0,12.0,8.0,0.0,0.0,3.0,0.0,0.0,0.0,0.0,0.0,1.0,0.0,0.0,6.0,2.0,0.0,2.0,0.0,0.0,0.0,0.0,0.0,0.0,0.0,0.0,0.0,0.0,131.0,14.0,28.0,75.0,138.0,52.0,24.0,71.0,78.0,0.0,20.0,27.0,27.0,103.0,118.0,20.0,5.0,121.0,74.0,127.0,34.0,12.0,21.0,1.0,16.0,0.0,0.0,0.0,0.0,0.0,200.0,0.0,0.0,0.0,0.0,0.0,0.0,0.0,0.0,0.0,0.0,0.0,8.0,10.0,6.0,0.0,8.0,10.0,4.0,8.0,0.0,0.0,2.0,0.0,2.0,8.0,0.0,0.0,0.0,0.0,0.0,0.0,0.0,2.0,0.0,0.0,0.0,0.0,6.0,2.0,0.0,0.0,2.0,0.0,0.0,0.0,0.0,0.0,2.0,0.0,0.0,2.0,0.0,0.0,2.0,2.0,0.0,0.0,0.0,0.0,0.0,0.0,0.0,0.0,0.0,100.0,10.0,22.0,56.0,82.0,20.0,14.0,40.0,54.0,2.0,10.0,34.0,12.0,70.0,72.0,10.0,0.0,80.0,42.0,50.0,16.0,10.0,20.0,2.0,24.0,0.0,0.0,0.0,0.0,0.0,0.0,0.0,0.0,0.0,0.0,0.0,0.0,0.0,0.0,0.0,0.0,0.0,0.0,0.0,0.0,0.0,0.0,0.0,0.0,0.0,0.0,0.0,0.0,0.0,0.0,0.0,0.0,0.0,0.0,0.0,0.0,0.0,0.0,0.0,0.0,0.0,0.0,0.0,0.0,0.0,0.0,0.0,0.0,0.0,0.0,0.0,0.0,0.0,0.0,0.0,0.0,0.0,0.0,0.0,0.0,0.0,0.0,0.0,0.0,0.0,0.0,0.0,0.0,0.0,0.0,0.0,0.0,0.0,0.0,0.0,0.0,0.0,0.0,0.0,0.0,0.0,0.0,0.0,0.0,0.0,0.0,0.0,0.0,0.0,0.0,0.0,0.0,0.0,0.0,0.0,0.0,0.0,0.0,0.0,0.0,0.0,0.0,0.0,0.0,0.0,0.0,0.0,0.0,0.0,0.0,0.0,0.0,0.0,0.0,0.0,0.0,0.0,0.0,0.0,0.0,0.0,0.0,0.0,0.0,0.0,0.0,0.0,0.0,0.0,0.0,0.0,0.0,0.0,0.0,0.0,0.0,0.0,0.0,0.0,0.0,0.0,0.0,0.0,0.0,0.0,0.0,0.0,0.0,0.0,0.0,0.0,0.0,0.0,0.0,0.0,0.0,0.0,0.0,0.0,0.0,0.0,0.0,0.0,0.0,0.0,0.0,0.0,0.0,0.0,0.0,0.0,0.0,0.0,0.0,0.0,0.0,0.0,0.0,0.0,0.0,0.0,0.0,0.0,0.0,0.0,0.0,0.0,0.0,0.0,0.0,0.0,0.0,0.0,0.0,0.0,0.0,0.0,0.0,0.0,0.0,0.0,0.0,0.0,0.0,0.0,0.0,0.0,0.0,0.0,0.0,0.0,0.0,0.0,0.0,0.0,0.0,0.0,0.0,0.0,0.0,0.0,0.0,0.0,0.0,0.0,0.0,0.0,0.0,0.0,0.0,0.0,0.0,0.0,0.0,0.0,0.0,0.0,0.0,0.0,0.0,0.0,0.0,0.0,0.0,0.0,0.0,0.0,0.0,0.0,0.0,0.0,0.0,0.0,0.0,0.0,0.0,0.0,0.0,0.0,0.0,0.0,0.0,0.0,0.0,0.0,0.0,0.0,0.0,0.0,0.0,0.0,0.0,0.0,0.0,0.0,0.0,0.0,0.0,0.0,0.0,0.0,0.0,0.0,0.0,0.0,0.0,0.0,0.0,0.0,0.0,0.0,0.0,0.0,0.0,0.0,0.0,0.0,0.0,0.0,0.0,0.0,0.0,0.0,0.0,0.0,0.0,0.0,0.0,0.0,0.0,0.0,0.0,0.0,0.0,0.0,0.0,0.0,0.0,0.0,0.0,0.0,0.0,0.0,0.0,0.0,0.0,0.0,0.0,0.0,0.0,0.0,0.0,0.0,0.0,0.0,0.0,0.0,0.0,0.0,0.0,0.0,0.0,0.0,0.0,0.0,0.0,0.0,0.0,0.0,0.0,0.0,0.0,0.0,0.0,0.0,0.0,0.0,0.0,0.0,0.0,0.0,0.0,0.0,0.0,0.0,0.0,0.0,0.0,0.0,0.0,0.0,0.0,0.0,0.0,0.0,0.0,0.0,0.0,0.0,0.0,0.0,0.0,0.0,0.0,0.0,0.0,0.0,0.0,0.0,0.0,0.0,0.0,0.0,0.0,0.0,0.0,0.0,0.0,0.0,0.0,0.0,0.0,0.0,0.0,0.0,0.0,0.0,0.0,0.0,0.0,0.0,0.0,0.0,0.0,0.0,0.0,0.0,0.0,0.0,0.0,0.0,0.0,0.0,0.0,0.0,0.0,0.0,0.0,0.0,0.0,0.0,0.0,0.0,0.0,0.0,0.0,0.0,0.0,0.0,0.0,0.0,0.0,0.0,0.0,0.0,0.0,0.0,0.0,0.0,0.0,0.0,0.0,0.0,0.0,0.0,0.0,0.0,0.0,0.0,0.0,0.0,0.0,0.0,0.0,0.0,0.0,0.0,0.0,0.0,0.0,0.0,0.0,0.0,0.0,0.0,0.0,0.0,0.0,0.0,0.0,0.0,0.0,0.0,0.0,0.0,0.0,0.0,0.0,0.0,0.0,0.0,0.0,0.0,0.0,0.0,0.0,0.0,0.0,0.0,0.0,0.0,0.0,0.0,0.0,0.0,0.0,0.0,0.0,0.0,0.0,0.0,0.0,0.0,0.0,0.0,0.0,0.0,0.0,0.0,0.0,0.0,0.0,0.0,0.0,0.0,0.0,0.0,0.0,0.0,0.0,0.0,0.0,0.0,0.0,0.0,0.0,0.0,0.0,0.0,0.0,0.0,0.0,0.0,0.0,0.0,0.0,0.0,0.0,0.0,0.0,0.0,0.0,0.0,0.0,0.0,0.0,0.0,0.0,0.0,0.0,0.0,0.0,0.0,0.0,0.0,0.0,0.0,0.0,0.0,0.0,0.0,0.0,0.0,0.0,0.0,0.0,0.0,0.0,0.0,0.0,0.0,0.0,0.0,0.0,0.0,0.0,0.0,0.0,0.0,0.0,0.0,0.0,0.0,0.0,0.0,0.0,0.0,0.0,0.0,0.0,0.0,0.0,0.0,0.0,0.0,0.0,0.0,0.0,0.0,0.0,0.0,0.0,0.0,0.0,0.0,0.0,0.0,0.0,0.0,0.0,0.0,0.0,0.0,0.0,0.0,0.0,0.0,0.0,0.0,0.0,0.0,0.0,0.0,0.0,0.0,0.0,0.0,0.0,0.0,0.0,0.0,0.0,0.0,0.0,0.0,0.0,0.0,0.0,0.0,0.0,0.0,0.0,0.0,0.0,0.0,0.0,0.0,0.0,0.0,0.0,0.0,0.0,0.0,0.0,0.0,0.0,0.0,0.0,0.0,0.0,285.0,0.0,0.0,0.0,0.0,0.0,0.0,0.0,1.0,1.0,0.0,0.0,9.0,5.0,7.0,0.0,4.0,10.0,3.0,5.0,1.0,0.0,2.0,0.0,2.0,2.0,0.0,0.0,0.0,0.0,0.0,0.0,0.0,6.0,0.0,2.0,3.0,1.0,5.0,6.0,1.0,1.0,4.0,0.0,0.0,2.0,0.0,1.0,1.0,0.0,0.0,4.0,3.0,0.0,3.0,0.0,0.0,0.0,0.0,0.0,0.0,0.0,0.0,0.0,0.0,120.0,17.0,25.0,67.0,129.0,36.0,21.0,60.0,62.0,1.0,14.0,41.0,26.0,102.0,100.0,20.0,1.0,89.0,69.0,104.0,25.0,9.0,22.0,2.0,27.0,0.0,0.0,0.0,0.0,0.0,163.0,0.0,0.0,0.0,0.0,0.0,0.0,0.0,1.0,1.0,0.0,0.0,5.0,11.0,4.0,0.0,1.0,3.0,3.0,4.0,1.0,2.0,2.0,3.0,0.0,0.0,0.0,0.0,0.0,0.0,0.0,0.0,0.0,0.0,3.0,1.0,0.0,1.0,7.0,2.0,0.0,0.0,1.0,0.0,1.0,1.0,0.0,0.0,3.0,0.0,0.0,1.0,1.0,0.0,2.0,0.0,0.0,0.0,0.0,0.0,0.0,0.0,0.0,0.0,0.0,71.0,12.0,25.0,57.0,74.0,19.0,10.0,34.0,42.0,0.0,10.0,36.0,9.0,49.0,66.0,10.0,0.0,51.0,29.0,63.0,19.0,10.0,14.0,0.0,12.0,1.0,0.0,0.0,0.0,0.0,269.0,0.0,0.0,0.0,0.0,0.0,0.0,0.0,1.0,1.0,0.0,0.0,7.0,10.0,7.0,0.0,1.0,5.0,0.0,1.0,2.0,1.0,3.0,1.0,0.0,0.0,0.0,0.0,0.0,0.0,0.0,0.0,0.0,2.0,1.0,8.0,0.0,2.0,8.0,10.0,0.0,0.0,2.0,0.0,0.0,0.0,1.0,0.0,0.0,0.0,0.0,3.0,2.0,0.0,2.0,1.0,0.0,0.0,0.0,0.0,0.0,0.0,0.0,0.0,0.0,106.0,17.0,27.0,66.0,135.0,31.0,21.0,65.0,63.0,0.0,13.0,55.0,25.0,89.0,125.0,22.0,0.0,71.0,62.0,108.0,26.0,15.0,25.0,0.0,24.0,1.0,0.0,0.0,0.0,0.0,210.0,0.0,0.0,0.0,0.0,0.0,0.0,0.0,3.0,3.0,0.0,0.0,6.0,0.0,3.0,0.0,0.0,0.0,0.0,0.0,0.0,0.0,0.0,0.0,0.0,0.0,0.0,0.0,0.0,0.0,0.0,0.0,0.0,3.0,0.0,0.0,9.0,0.0,3.0,3.0,3.0,3.0,6.0,0.0,0.0,6.0,0.0,3.0,0.0,0.0,0.0,3.0,3.0,0.0,9.0,0.0,0.0,0.0,0.0,0.0,0.0,0.0,0.0,0.0,0.0,105.0,33.0,24.0,66.0,102.0,18.0,27.0,36.0,51.0,3.0,12.0,45.0,12.0,87.0,69.0,9.0,0.0,57.0,54.0,63.0,24.0,6.0,18.0,3.0,24.0,0.0,0.0,0.0,0.0,0.0,73.0,0.0,0.0,0.0,0.0,0.0,0.0,0.0,0.0,0.0,0.0,0.0,1.0,7.0,2.0,0.0,0.0,2.0,0.0,1.0,1.0,1.0,2.0,1.0,0.0,0.0,0.0,0.0,0.0,0.0,0.0,0.0,0.0,1.0,1.0,2.0,0.0,2.0,2.0,2.0,0.0,0.0,1.0,0.0,0.0,1.0,0.0,0.0,2.0,0.0,0.0,1.0,0.0,0.0,0.0,0.0,0.0,0.0,0.0,0.0,0.0,0.0,0.0,0.0,0.0,27.0,2.0,8.0,16.0,36.0,8.0,4.0,20.0,15.0,0.0,3.0,13.0,3.0,26.0,31.0,5.0,0.0,22.0,16.0,26.0,5.0,5.0,6.0,0.0,11.0,0.0,0.0,0.0,0.0,0.0,1330.0,0.0,0.0,0.0,0.0,0.0,0.0,0.0,4.0,4.0,0.0,0.0,40.0,54.0,32.0,0.0,7.0,20.0,18.0,16.0,14.0,4.0,6.0,7.0,12.0,6.0,0.0,0.0,0.0,0.0,0.0,0.0,0.0,5.0,7.0,8.0,3.0,2.0,57.0,30.0,1.0,1.0,14.0,0.0,3.0,3.0,1.0,1.0,7.0,0.0,0.0,18.0,7.0,0.0,17.0,3.0,0.0,0.0,0.0,0.0,0.0,0.0,0.0,0.0,0.0,575.0,95.0,159.0,373.0,630.0,192.0,104.0,285.0,346.0,3.0,86.0,213.0,108.0,428.0,541.0,86.0,11.0,458.0,292.0,512.0,149.0,66.0,100.0,4.0,78.0,3.0,0.0,0.0,0.0,0.0,950.0,0.0,0.0,0.0,0.0,0.0,0.0,0.0,4.0,4.0,0.0,0.0,30.0,25.0,23.0,1.0,6.0,14.0,6.0,7.0,8.0,2.0,5.0,2.0,8.0,2.0,0.0,0.0,0.0,0.0,0.0,0.0,0.0,6.0,2.0,10.0,3.0,2.0,30.0,28.0,1.0,1.0,9.0,0.0,0.0,4.0,1.0,1.0,1.0,0.0,0.0,12.0,7.0,0.0,11.0,1.0,0.0,0.0,0.0,0.0,0.0,0.0,0.0,0.0,0.0,391.0,64.0,97.0,239.0,451.0,129.0,79.0,214.0,226.0,2.0,54.0,141.0,83.0,314.0,390.0,68.0,8.0,298.0,222.0,380.0,107.0,43.0,74.0,4.0,63.0,2.0,0.0,0.0,0.0,0.0,70.0,0.0,0.0,0.0,0.0,0.0,0.0,0.0,1.0,1.0,0.0,0.0,2.0,0.0,1.0,0.0,0.0,0.0,0.0,0.0,0.0,0.0,0.0,0.0,0.0,0.0,0.0,0.0,0.0,0.0,0.0,0.0,0.0,1.0,0.0,0.0,3.0,0.0,1.0,1.0,1.0,1.0,2.0,0.0,0.0,2.0,0.0,1.0,0.0,0.0,0.0,1.0,1.0,0.0,3.0,0.0,0.0,0.0,0.0,0.0,0.0,0.0,0.0,0.0,0.0,35.0,11.0,8.0,22.0,34.0,6.0,9.0,12.0,17.0,1.0,4.0,15.0,4.0,29.0,23.0,3.0,0.0,19.0,18.0,21.0,8.0,2.0,6.0,1.0,8.0,0.0,0.0,0.0,0.0,0.0,70.0,0.0,0.0,0.0,0.0,0.0,0.0,0.0,1.0,1.0,0.0,0.0,2.0,0.0,1.0,0.0,0.0,0.0,0.0,0.0,0.0,0.0,0.0,0.0,0.0,0.0,0.0,0.0,0.0,0.0,0.0,0.0,0.0,1.0,0.0,0.0,3.0,0.0,1.0,1.0,1.0,1.0,2.0,0.0,0.0,2.0,0.0,1.0,0.0,0.0,0.0,1.0,1.0,0.0,3.0,0.0,0.0,0.0,0.0,0.0,0.0,0.0,0.0,0.0,0.0,35.0,11.0,8.0,22.0,34.0,6.0,9.0,12.0,17.0,1.0,4.0,15.0,4.0,29.0,23.0,3.0,0.0,19.0,18.0,21.0,8.0,2.0,6.0,1.0,8.0,0.0,0.0,0.0,0.0,0.0,478.0,0.0,0.0,0.0,0.0,0.0,0.0,0.0,3.0,3.0,0.0,0.0,16.0,14.0,10.0,1.0,0.0,7.0,5.0,3.0,4.0,0.0,1.0,1.0,3.0,2.0,0.0,0.0,0.0,0.0,0.0,0.0,0.0,4.0,1.0,2.0,6.0,1.0,14.0,9.0,2.0,2.0,10.0,0.0,1.0,6.0,0.0,2.0,1.0,0.0,0.0,7.0,5.0,0.0,11.0,1.0,0.0,0.0,0.0,0.0,0.0,0.0,0.0,0.0,0.0,210.0,42.0,52.0,120.0,242.0,65.0,47.0,97.0,122.0,4.0,29.0,87.0,37.0,181.0,177.0,36.0,4.0,154.0,121.0,164.0,53.0,20.0,33.0,6.0,40.0,0.0,0.0,0.0,0.0,0.0,0.0,0.0,0.0,0.0,0.0,0.0,0.0,0.0,0.0,0.0,0.0,0.0,0.0,0.0,0.0,0.0,0.0,0.0,0.0,0.0,0.0,0.0,0.0,0.0,0.0,0.0,0.0,0.0,0.0,0.0,0.0,0.0,0.0,0.0,0.0,0.0,0.0,0.0,0.0,0.0,0.0,0.0,0.0,0.0,0.0,0.0,0.0,0.0,0.0,0.0,0.0,0.0,0.0,0.0,0.0,0.0,0.0,0.0,0.0,0.0,0.0,0.0,0.0,0.0,0.0,0.0,0.0,0.0,0.0,0.0,0.0,0.0,0.0,0.0,0.0,0.0,0.0,0.0,0.0,0.0,0.0,0.0,0.0,0.0,0.0,0.0,0.0,0.0,0.0,0.0,0.0,0.0,0.0,0.0,0.0,35.0,0.0,0.0,0.0,0.0,0.0,0.0,0.0,0.0,0.0,0.0,0.0,1.0,3.0,1.0,0.0,0.0,2.0,3.0,2.0,1.0,0.0,0.0,1.0,0.0,0.0,0.0,0.0,0.0,0.0,0.0,0.0,0.0,0.0,1.0,0.0,0.0,0.0,3.0,0.0,0.0,0.0,1.0,0.0,1.0,0.0,0.0,0.0,1.0,0.0,0.0,1.0,0.0,0.0,1.0,0.0,0.0,0.0,0.0,0.0,0.0,0.0,0.0,0.0,0.0,18.0,2.0,6.0,11.0,18.0,6.0,3.0,3.0,11.0,0.0,2.0,10.0,4.0,15.0,12.0,2.0,0.0,17.0,7.0,8.0,1.0,1.0,1.0,0.0,1.0,0.0,0.0,0.0,0.0,0.0,286.0,0.0,0.0,0.0,0.0,0.0,0.0,0.0,4.0,4.0,0.0,0.0,12.0,4.0,7.0,2.0,0.0,0.0,0.0,1.0,0.0,1.0,1.0,1.0,0.0,0.0,0.0,0.0,0.0,0.0,0.0,0.0,0.0,2.0,1.0,0.0,6.0,1.0,3.0,4.0,2.0,2.0,6.0,0.0,0.0,9.0,0.0,2.0,2.0,0.0,0.0,2.0,4.0,0.0,10.0,0.0,0.0,0.0,0.0,0.0,0.0,0.0,0.0,0.0,0.0,126.0,31.0,34.0,73.0,162.0,36.0,39.0,60.0,63.0,4.0,11.0,60.0,18.0,117.0,108.0,20.0,2.0,79.0,82.0,97.0,38.0,12.0,18.0,6.0,31.0,0.0,0.0,0.0,0.0,0.0,25.0,0.0,0.0,0.0,0.0,0.0,0.0,0.0,0.0,0.0,0.0,0.0,0.0,0.0,1.0,0.0,0.0,0.0,0.0,0.0,0.0,0.0,0.0,0.0,0.0,0.0,0.0,0.0,0.0,0.0,0.0,0.0,0.0,0.0,0.0,1.0,0.0,0.0,1.0,1.0,0.0,0.0,0.0,0.0,0.0,0.0,1.0,0.0,0.0,0.0,0.0,1.0,1.0,0.0,1.0,0.0,0.0,0.0,0.0,0.0,0.0,0.0,0.0,0.0,0.0,14.0,3.0,1.0,8.0,18.0,3.0,3.0,6.0,7.0,0.0,0.0,11.0,3.0,8.0,12.0,1.0,0.0,7.0,8.0,10.0,1.0,2.0,1.0,0.0,3.0,0.0,0.0,0.0,0.0,0.0,70.0,0.0,0.0,0.0,0.0,0.0,0.0,0.0,1.0,1.0,0.0,0.0,2.0,0.0,1.0,0.0,0.0,0.0,0.0,0.0,0.0,0.0,0.0,0.0,0.0,0.0,0.0,0.0,0.0,0.0,0.0,0.0,0.0,1.0,0.0,0.0,3.0,0.0,1.0,1.0,1.0,1.0,2.0,0.0,0.0,2.0,0.0,1.0,0.0,0.0,0.0,1.0,1.0,0.0,3.0,0.0,0.0,0.0,0.0,0.0,0.0,0.0,0.0,0.0,0.0,35.0,11.0,8.0,22.0,34.0,6.0,9.0,12.0,17.0,1.0,4.0,15.0,4.0,29.0,23.0,3.0,0.0,19.0,18.0,21.0,8.0,2.0,6.0,1.0,8.0,0.0,0.0,0.0,0.0,0.0,173.0,0.0,0.0,0.0,0.0,0.0,0.0,0.0,0.0,0.0,0.0,0.0,7.0,13.0,6.0,0.0,4.0,8.0,6.0,9.0,1.0,2.0,3.0,3.0,1.0,2.0,0.0,0.0,0.0,0.0,0.0,0.0,0.0,1.0,3.0,0.0,0.0,2.0,7.0,1.0,0.0,0.0,1.0,0.0,1.0,2.0,0.0,0.0,7.0,0.0,0.0,2.0,0.0,0.0,1.0,0.0,0.0,0.0,0.0,0.0,0.0,0.0,0.0,0.0,0.0,77.0,4.0,21.0,52.0,77.0,23.0,12.0,39.0,39.0,0.0,5.0,30.0,8.0,57.0,65.0,5.0,0.0,68.0,32.0,55.0,14.0,10.0,13.0,0.0,18.0,0.0,0.0,0.0,0.0,0.0,0.0,0.0,0.0,0.0,0.0,0.0,0.0,0.0,0.0,0.0,0.0,0.0,0.0,0.0,0.0,0.0,0.0,0.0,0.0,0.0,0.0,0.0,0.0,0.0,0.0,0.0,0.0,0.0,0.0,0.0,0.0,0.0,0.0,0.0,0.0,0.0,0.0,0.0,0.0,0.0,0.0,0.0,0.0,0.0,0.0,0.0,0.0,0.0,0.0,0.0,0.0,0.0,0.0,0.0,0.0,0.0,0.0,0.0,0.0,0.0,0.0,0.0,0.0,0.0,0.0,0.0,0.0,0.0,0.0,0.0,0.0,0.0,0.0,0.0,0.0,0.0,0.0,0.0,0.0,0.0,0.0,0.0,0.0,0.0,0.0,0.0,0.0,0.0,0.0,0.0,0.0,0.0,0.0,0.0,0.0,0.0,0.0,0.0,0.0,0.0,0.0,0.0,0.0,0.0,0.0,0.0,0.0,0.0,0.0,0.0,0.0,0.0,0.0,0.0,0.0,0.0,0.0,0.0,0.0,0.0,0.0,0.0,0.0,0.0,0.0,0.0,0.0,0.0,0.0,0.0,0.0,0.0,0.0,0.0,0.0,0.0,0.0,0.0,0.0,0.0,0.0,0.0,0.0,0.0,0.0,0.0,0.0,0.0,0.0,0.0,0.0,0.0,0.0,0.0,0.0,0.0,0.0,0.0,0.0,0.0,0.0,0.0,0.0,0.0,0.0,0.0,0.0,0.0,0.0,0.0,0.0,0.0,0.0,0.0,0.0,0.0,0.0,0.0,0.0,0.0,0.0,0.0,0.0,0.0,0.0,0.0,0.0,0.0,0.0,0.0,494.0,0.0,0.0,0.0,0.0,0.0,0.0,0.0,1.0,1.0,0.0,0.0,14.0,14.0,11.0,0.0,4.0,12.0,8.0,7.0,6.0,0.0,2.0,1.0,6.0,2.0,0.0,0.0,0.0,0.0,0.0,0.0,0.0,4.0,1.0,3.0,3.0,1.0,18.0,12.0,1.0,1.0,7.0,0.0,1.0,2.0,1.0,1.0,2.0,0.0,0.0,10.0,4.0,0.0,7.0,0.0,0.0,0.0,0.0,0.0,0.0,0.0,0.0,0.0,0.0,213.0,31.0,47.0,121.0,230.0,71.0,42.0,104.0,123.0,1.0,28.0,70.0,41.0,174.0,186.0,31.0,5.0,177.0,119.0,181.0,47.0,20.0,33.0,2.0,34.0,0.0,0.0,0.0,0.0,0.0,396.0,0.0,0.0,0.0,0.0,0.0,0.0,0.0,3.0,3.0,0.0,0.0,16.0,6.0,8.0,1.0,1.0,7.0,2.0,3.0,0.0,1.0,1.0,1.0,2.0,0.0,0.0,0.0,0.0,0.0,0.0,0.0,0.0,3.0,1.0,2.0,3.0,0.0,7.0,7.0,1.0,1.0,5.0,0.0,0.0,4.0,1.0,1.0,0.0,0.0,0.0,4.0,8.0,0.0,7.0,0.0,0.0,0.0,0.0,0.0,0.0,0.0,0.0,0.0,0.0,164.0,31.0,37.0,106.0,196.0,52.0,34.0,87.0,96.0,2.0,22.0,78.0,31.0,134.0,145.0,35.0,3.0,107.0,97.0,159.0,51.0,18.0,30.0,5.0,32.0,1.0,0.0,0.0,0.0,0.0,0.0,0.0,0.0,0.0,0.0,0.0,0.0,0.0,0.0,0.0,0.0,0.0,0.0,0.0,0.0,0.0,0.0,0.0,0.0,0.0,0.0,0.0,0.0,0.0,0.0,0.0,0.0,0.0,0.0,0.0,0.0,0.0,0.0,0.0,0.0,0.0,0.0,0.0,0.0,0.0,0.0,0.0,0.0,0.0,0.0,0.0,0.0,0.0,0.0,0.0,0.0,0.0,0.0,0.0,0.0,0.0,0.0,0.0,0.0,0.0,0.0,0.0,0.0,0.0,0.0,0.0,0.0,0.0,0.0,0.0,0.0,0.0,0.0,0.0,0.0,0.0,0.0,0.0,0.0,0.0,0.0,0.0,0.0,0.0,0.0,0.0,0.0,0.0,0.0,0.0,0.0,0.0,0.0,0.0,0.0,616.0,0.0,0.0,0.0,0.0,0.0,0.0,0.0,6.0,6.0,0.0,0.0,22.0,14.0,14.0,2.0,1.0,3.0,4.0,3.0,3.0,1.0,1.0,2.0,2.0,2.0,0.0,0.0,0.0,0.0,0.0,0.0,0.0,3.0,2.0,2.0,9.0,0.0,17.0,11.0,3.0,3.0,11.0,0.0,1.0,10.0,1.0,3.0,1.0,0.0,0.0,7.0,7.0,0.0,18.0,1.0,0.0,0.0,0.0,0.0,0.0,0.0,0.0,0.0,0.0,281.0,66.0,76.0,173.0,323.0,77.0,69.0,124.0,157.0,6.0,34.0,128.0,44.0,230.0,241.0,42.0,4.0,188.0,158.0,215.0,77.0,29.0,44.0,8.0,51.0,1.0,0.0,0.0,0.0,0.0,66.0,0.0,0.0,0.0,0.0,0.0,0.0,0.0,0.0,0.0,0.0,0.0,1.0,4.0,2.0,0.0,0.0,0.0,0.0,0.0,0.0,0.0,0.0,0.0,0.0,2.0,0.0,0.0,0.0,0.0,0.0,0.0,0.0,0.0,0.0,1.0,0.0,0.0,3.0,1.0,0.0,0.0,1.0,0.0,0.0,0.0,0.0,0.0,0.0,0.0,0.0,0.0,0.0,0.0,1.0,2.0,0.0,0.0,0.0,0.0,0.0,0.0,0.0,0.0,0.0,31.0,7.0,8.0,20.0,39.0,14.0,7.0,16.0,20.0,1.0,5.0,18.0,7.0,22.0,30.0,3.0,0.0,20.0,15.0,21.0,6.0,3.0,6.0,1.0,7.0,0.0,0.0,0.0,0.0,0.0,0.0,0.0,0.0,0.0,0.0,0.0,0.0,0.0,0.0,0.0,0.0,0.0,0.0,0.0,0.0,0.0,0.0,0.0,0.0,0.0,0.0,0.0,0.0,0.0,0.0,0.0,0.0,0.0,0.0,0.0,0.0,0.0,0.0,0.0,0.0,0.0,0.0,0.0,0.0,0.0,0.0,0.0,0.0,0.0,0.0,0.0,0.0,0.0,0.0,0.0,0.0,0.0,0.0,0.0,0.0,0.0,0.0,0.0,0.0,0.0,0.0,0.0,0.0,0.0,0.0,0.0,0.0,0.0,0.0,0.0,0.0,0.0,0.0,0.0,0.0,0.0,0.0,0.0,0.0,0.0,0.0,0.0,0.0,0.0,0.0,0.0,0.0,0.0,0.0,0.0,0.0,0.0,0.0,0.0,0.0,0.0,0.0,0.0,0.0,0.0,0.0,0.0,0.0,0.0,0.0,0.0,0.0,0.0,0.0,0.0,0.0,0.0,0.0,0.0,0.0,0.0,0.0,0.0,0.0,0.0,0.0,0.0,0.0,0.0,0.0,0.0,0.0,0.0,0.0,0.0,0.0,0.0,0.0,0.0,0.0,0.0,0.0,0.0,0.0,0.0,0.0,0.0,0.0,0.0,0.0,0.0,0.0,0.0,0.0,0.0,0.0,0.0,0.0,0.0,0.0,0.0,0.0,0.0,0.0,0.0,0.0,0.0,0.0,0.0,0.0,0.0,0.0,0.0,0.0,0.0,0.0,0.0,0.0,0.0,0.0,0.0,0.0,0.0,0.0,0.0,0.0,0.0,0.0,0.0,0.0,0.0,0.0,0.0,0.0,0.0,0.0,0.0,0.0,0.0,0.0,0.0,0.0,0.0,0.0,0.0,0.0,0.0,0.0,0.0,0.0,0.0,0.0,0.0,0.0,0.0,0.0,0.0,0.0,0.0,0.0,0.0,0.0,0.0,0.0,0.0,0.0,0.0,0.0,0.0,0.0,0.0,0.0,0.0,0.0,0.0,0.0,0.0,0.0,0.0,0.0,0.0,0.0,0.0,0.0,0.0,0.0,0.0,0.0,0.0,0.0,0.0,0.0,0.0,0.0,0.0,0.0,0.0,0.0,0.0,0.0,0.0,0.0,0.0,0.0,0.0,0.0,0.0,0.0,0.0,0.0,0.0,0.0,0.0,0.0,0.0,0.0,0.0,0.0,0.0,0.0,0.0,0.0,0.0,0.0,0.0,0.0,0.0,0.0,0.0,0.0,0.0,0.0,0.0,0.0,0.0,0.0,0.0,0.0,0.0,0.0,0.0,0.0,0.0,0.0,0.0,0.0,0.0,0.0,0.0,0.0,0.0,0.0,0.0,0.0,0.0,0.0,0.0,0.0,0.0,0.0,0.0,0.0,0.0,0.0,0.0,0.0,0.0,0.0,0.0,0.0,0.0,0.0,0.0,0.0,0.0,0.0,0.0,0.0,0.0,0.0,0.0,0.0,0.0,0.0,0.0,0.0,0.0,0.0,0.0,0.0,0.0,0.0,0.0,0.0,0.0,0.0,0.0,0.0,0.0,0.0,0.0,0.0,0.0,0.0,0.0,0.0,0.0,0.0,0.0,0.0,0.0,0.0,0.0,0.0,0.0,0.0,0.0,0.0,0.0,0.0,0.0,0.0,0.0,0.0,0.0,0.0,0.0,0.0,0.0,0.0,0.0,0.0,0.0,0.0,0.0,0.0,0.0,0.0,0.0,0.0,0.0,0.0,0.0,0.0,0.0,0.0,0.0,0.0,0.0,0.0,0.0,0.0,0.0,0.0,0.0,0.0,0.0,0.0,0.0,0.0,0.0,0.0,0.0,0.0,0.0,0.0,0.0,0.0,0.0,0.0,0.0,0.0,0.0,0.0,0.0,0.0,0.0,0.0,0.0,0.0,0.0,0.0,0.0,0.0,0.0,0.0,0.0,0.0,0.0,0.0,0.0,0.0,0.0,0.0,0.0,0.0,0.0,0.0,0.0,0.0,0.0,0.0,0.0,0.0,0.0,0.0,0.0,0.0,0.0,0.0,0.0,0.0,0.0,0.0,0.0,0.0,0.0,0.0,0.0,0.0,0.0,0.0,0.0,0.0,0.0,0.0,0.0,0.0,0.0,0.0,0.0,0.0,0.0,0.0,0.0,0.0,0.0,0.0,0.0,0.0,0.0,0.0,0.0,0.0,0.0,0.0,0.0,0.0,0.0,0.0,0.0,0.0,0.0,0.0,0.0,0.0,0.0,0.0,0.0,0.0,0.0,0.0,0.0,0.0,0.0,0.0,0.0,0.0,0.0,0.0,0.0,0.0,0.0,0.0,0.0,0.0,0.0,0.0,0.0,0.0,0.0,0.0,0.0,0.0,0.0,0.0,0.0,0.0,0.0,0.0,0.0,0.0,0.0,0.0,0.0,0.0,0.0,0.0,0.0,0.0,0.0,0.0,0.0,0.0,0.0,0.0,0.0,0.0,0.0,0.0,0.0,0.0,0.0,0.0,0.0,0.0,0.0,0.0,0.0,0.0,0.0,0.0,0.0,0.0,0.0,0.0,0.0,0.0,0.0,0.0,0.0,0.0,0.0,0.0,0.0,0.0,0.0,0.0,0.0,0.0,0.0,0.0,0.0,0.0,0.0,0.0,0.0,0.0,0.0,0.0,0.0,0.0,0.0,0.0,0.0,0.0,0.0,0.0,0.0,0.0,0.0,0.0,0.0,0.0,0.0,0.0,0.0,0.0,0.0,0.0,0.0,0.0,0.0,0.0,0.0,0.0,0.0,0.0,0.0,0.0,0.0,0.0,0.0,0.0,0.0,0.0,0.0,0.0,0.0,0.0,0.0,0.0,0.0,0.0,0.0,0.0,0.0,0.0,0.0,0.0,0.0,0.0,0.0,0.0,0.0,0.0,0.0,0.0,0.0,0.0,0.0,0.0,0.0,0.0,0.0,0.0,0.0,0.0,0.0,0.0,0.0,0.0,0.0,0.0,0.0,0.0,0.0,0.0,0.0,0.0,0.0,0.0,0.0,0.0,0.0,0.0,0.0,0.0,0.0,0.0,0.0,0.0,0.0,0.0,0.0,0.0,0.0,0.0,0.0,0.0,0.0,0.0,0.0,0.0,0.0,0.0,0.0,0.0,0.0,0.0,0.0,0.0,0.0,0.0,0.0,0.0,0.0,0.0,0.0,0.0,0.0,0.0,0.0,0.0,0.0,0.0,0.0,0.0,0.0,0.0,0.0,0.0,0.0,0.0,0.0,0.0,0.0,0.0,0.0,0.0,0.0,0.0,0.0,0.0,0.0,0.0,0.0,0.0,0.0,0.0,0.0,0.0,0.0,0.0,0.0,0.0,0.0,0.0,0.0,0.0,0.0,0.0,0.0,0.0,0.0,0.0,0.0,0.0,0.0,0.0,0.0,0.0,0.0,0.0,0.0,0.0,0.0,0.0,0.0,0.0,0.0,0.0,0.0,0.0,0.0,0.0,0.0,0.0,0.0,0.0,0.0,0.0,0.0,0.0,0.0,0.0,0.0,0.0,0.0,0.0,0.0,0.0,0.0,0.0,0.0,0.0,0.0,0.0,0.0,0.0,0.0,0.0,0.0,0.0,0.0,0.0,0.0,0.0,0.0,0.0,0.0,0.0,0.0,0.0,0.0,0.0,0.0,0.0,0.0,0.0,0.0,0.0,0.0,0.0,0.0,0.0,0.0,0.0,0.0,0.0,0.0,0.0,0.0,0.0,0.0,0.0,0.0,0.0,0.0,0.0,18728.0,0.0,0.0,0.0,0.0,0.0,0.0,0.0,98.0,98.0,0.0,0.0,646.0,570.0,443.0,22.0,157.0,336.0,182.0,237.0,109.0,53.0,97.0,71.0,131.0,100.0,0.0,0.0,0.0,0.0,0.0,0.0,0.0,120.0,71.0,106.0,105.0,27.0,575.0,391.0,35.0,35.0,210.0,0.0,18.0,126.0,14.0,35.0,77.0,0.0,0.0,213.0,164.0,0.0,281.0,31.0,0.0,0.0,0.0,0.0,0.0,0.0,0.0,0.0,0.0,8051.0,1385.0,2090.0,5108.0,8878.0,2463.0,1584.0,4039.0,4628.0,78.0,1072.0,3157.0,1435.0,6301.0,7350.0,1286.0,124.0,5980.0,4312.0,7056.0,2159.0,881.0,1471.0,126.0,1398.0,41.0,0.0,0.0,0.0,0.0,3134.0,0.0,0.0,0.0,0.0,0.0,0.0,0.0,24.0,24.0,0.0,0.0,101.0,89.0,69.0,4.0,9.0,21.0,14.0,16.0,15.0,10.0,11.0,12.0,14.0,10.0,0.0,0.0,0.0,0.0,0.0,0.0,0.0,17.0,12.0,17.0,33.0,2.0,95.0,64.0,11.0,11.0,42.0,0.0,2.0,31.0,3.0,11.0,4.0,0.0,0.0,31.0,31.0,0.0,66.0,7.0,0.0,0.0,0.0,0.0,0.0,0.0,0.0,0.0,0.0,1385.0,308.0,381.0,917.0,1536.0,394.0,288.0,665.0,798.0,20.0,196.0,597.0,228.0,1064.0,1244.0,211.0,18.0,935.0,729.0,1184.0,392.0,153.0,253.0,26.0,238.0,9.0,0.0,0.0,0.0,0.0,4878.0,0.0,0.0,0.0,0.0,0.0,0.0,0.0,30.0,30.0,0.0,0.0,171.0,170.0,116.0,7.0,35.0,71.0,43.0,56.0,30.0,19.0,28.0,25.0,28.0,22.0,0.0,0.0,0.0,0.0,0.0,0.0,0.0,25.0,25.0,27.0,24.0,8.0,159.0,97.0,8.0,8.0,52.0,0.0,6.0,34.0,1.0,8.0,21.0,0.0,0.0,47.0,37.0,0.0,76.0,8.0,0.0,0.0,0.0,0.0,0.0,0.0,0.0,0.0,0.0,2090.0,381.0,603.0,1375.0,2333.0,634.0,414.0,1056.0,1223.0,21.0,290.0,846.0,353.0,1621.0,1974.0,341.0,30.0,1542.0,1108.0,1860.0,599.0,250.0,389.0,31.0,348.0,15.0,0.0,0.0,0.0,0.0,11861.0,0.0,0.0,0.0,0.0,0.0,0.0,0.0,66.0,66.0,0.0,0.0,404.0,385.0,274.0,9.0,95.0,194.0,105.0,148.0,60.0,46.0,66.0,57.0,75.0,56.0,0.0,0.0,0.0,0.0,0.0,0.0,0.0,67.0,57.0,66.0,66.0,16.0,373.0,239.0,22.0,22.0,120.0,0.0,11.0,73.0,8.0,22.0,52.0,0.0,0.0,121.0,106.0,0.0,173.0,20.0,0.0,0.0,0.0,0.0,0.0,0.0,0.0,0.0,0.0,5108.0,917.0,1375.0,3397.0,5544.0,1524.0,960.0,2567.0,2960.0,44.0,708.0,2056.0,873.0,3875.0,4678.0,803.0,69.0,3708.0,2635.0,4551.0,1413.0,581.0,972.0,69.0,869.0,35.0,0.0,0.0,0.0,0.0,21032.0,0.0,0.0,0.0,0.0,0.0,0.0,0.0,116.0,116.0,0.0,0.0,740.0,615.0,511.0,40.0,126.0,330.0,180.0,217.0,126.0,56.0,99.0,74.0,138.0,82.0,0.0,0.0,0.0,0.0,0.0,0.0,0.0,129.0,74.0,135.0,102.0,36.0,630.0,451.0,34.0,34.0,242.0,0.0,18.0,162.0,18.0,34.0,77.0,0.0,0.0,230.0,196.0,0.0,323.0,39.0,0.0,0.0,0.0,0.0,0.0,0.0,0.0,0.0,0.0,8878.0,1536.0,2333.0,5544.0,10349.0,2920.0,1869.0,4624.0,5144.0,94.0,1173.0,3593.0,1681.0,7145.0,8407.0,1521.0,157.0,6602.0,5009.0,8065.0,2480.0,996.0,1575.0,165.0,1543.0,42.0,0.0,0.0,0.0,0.0,5950.0,0.0,0.0,0.0,0.0,0.0,0.0,0.0,25.0,25.0,0.0,0.0,200.0,170.0,145.0,10.0,33.0,98.0,62.0,64.0,44.0,13.0,23.0,19.0,52.0,20.0,0.0,0.0,0.0,0.0,0.0,0.0,0.0,36.0,19.0,31.0,18.0,8.0,192.0,129.0,6.0,6.0,65.0,0.0,6.0,36.0,3.0,6.0,23.0,0.0,0.0,71.0,52.0,0.0,77.0,14.0,0.0,0.0,0.0,0.0,0.0,0.0,0.0,0.0,0.0,2463.0,394.0,634.0,1524.0,2920.0,923.0,523.0,1329.0,1449.0,20.0,341.0,924.0,506.0,1994.0,2364.0,416.0,56.0,1931.0,1420.0,2343.0,688.0,262.0,417.0,42.0,391.0,9.0,0.0,0.0,0.0,0.0,3732.0,0.0,0.0,0.0,0.0,0.0,0.0,0.0,25.0,25.0,0.0,0.0,137.0,88.0,91.0,10.0,26.0,54.0,32.0,38.0,22.0,7.0,15.0,10.0,24.0,14.0,0.0,0.0,0.0,0.0,0.0,0.0,0.0,21.0,10.0,21.0,27.0,4.0,104.0,79.0,9.0,9.0,47.0,0.0,3.0,39.0,3.0,9.0,12.0,0.0,0.0,42.0,34.0,0.0,69.0,7.0,0.0,0.0,0.0,0.0,0.0,0.0,0.0,0.0,0.0,1584.0,288.0,414.0,960.0,1869.0,523.0,378.0,816.0,901.0,21.0,192.0,634.0,291.0,1323.0,1500.0,256.0,29.0,1178.0,929.0,1396.0,447.0,170.0,270.0,34.0,280.0,6.0,0.0,0.0,0.0,0.0,9726.0,0.0,0.0,0.0,0.0,0.0,0.0,0.0,49.0,49.0,0.0,0.0,347.0,296.0,232.0,14.0,75.0,173.0,79.0,112.0,57.0,31.0,56.0,34.0,71.0,40.0,0.0,0.0,0.0,0.0,0.0,0.0,0.0,60.0,34.0,65.0,36.0,20.0,285.0,214.0,12.0,12.0,97.0,0.0,3.0,60.0,6.0,12.0,39.0,0.0,0.0,104.0,87.0,0.0,124.0,16.0,0.0,0.0,0.0,0.0,0.0,0.0,0.0,0.0,0.0,4039.0,665.0,1056.0,2567.0,4624.0,1329.0,816.0,2205.0,2365.0,33.0,548.0,1572.0,733.0,3230.0,3891.0,690.0,72.0,3039.0,2250.0,3792.0,1167.0,478.0,763.0,63.0,711.0,23.0,0.0,0.0,0.0,0.0,10853.0,0.0,0.0,0.0,0.0,0.0,0.0,0.0,55.0,55.0,0.0,0.0,378.0,350.0,251.0,12.0,78.0,189.0,105.0,127.0,69.0,31.0,54.0,42.0,78.0,54.0,0.0,0.0,0.0,0.0,0.0,0.0,0.0,62.0,42.0,63.0,51.0,15.0,346.0,226.0,17.0,17.0,122.0,0.0,11.0,63.0,7.0,17.0,39.0,0.0,0.0,123.0,96.0,0.0,157.0,20.0,0.0,0.0,0.0,0.0,0.0,0.0,0.0,0.0,0.0,4628.0,798.0,1223.0,2960.0,5144.0,1449.0,901.0,2365.0,2724.0,43.0,646.0,1830.0,819.0,3621.0,4289.0,769.0,77.0,3460.0,2482.0,4130.0,1284.0,530.0,855.0,72.0,781.0,26.0,0.0,0.0,0.0,0.0,165.0,0.0,0.0,0.0,0.0,0.0,0.0,0.0,2.0,2.0,0.0,0.0,7.0,4.0,4.0,1.0,0.0,0.0,0.0,0.0,0.0,0.0,0.0,0.0,0.0,2.0,0.0,0.0,0.0,0.0,0.0,0.0,0.0,1.0,0.0,0.0,3.0,0.0,3.0,2.0,1.0,1.0,4.0,0.0,0.0,4.0,0.0,1.0,0.0,0.0,0.0,1.0,2.0,0.0,6.0,1.0,0.0,0.0,0.0,0.0,0.0,0.0,0.0,0.0,0.0,78.0,20.0,21.0,44.0,94.0,20.0,21.0,33.0,43.0,3.0,9.0,39.0,11.0,67.0,63.0,13.0,1.0,48.0,46.0,50.0,22.0,8.0,12.0,4.0,18.0,0.0,0.0,0.0,0.0,0.0,2523.0,0.0,0.0,0.0,0.0,0.0,0.0,0.0,12.0,12.0,0.0,0.0,81.0,87.0,54.0,1.0,11.0,35.0,20.0,21.0,18.0,8.0,11.0,10.0,20.0,10.0,0.0,0.0,0.0,0.0,0.0,0.0,0.0,14.0,10.0,13.0,12.0,3.0,86.0,54.0,4.0,4.0,29.0,0.0,2.0,11.0,0.0,4.0,5.0,0.0,0.0,28.0,22.0,0.0,34.0,5.0,0.0,0.0,0.0,0.0,0.0,0.0,0.0,0.0,0.0,1072.0,196.0,290.0,708.0,1173.0,341.0,192.0,548.0,646.0,9.0,170.0,411.0,192.0,815.0,987.0,183.0,20.0,797.0,558.0,988.0,306.0,122.0,203.0,15.0,168.0,7.0,0.0,0.0,0.0,0.0,7280.0,0.0,0.0,0.0,0.0,0.0,0.0,0.0,47.0,47.0,0.0,0.0,257.0,239.0,174.0,12.0,40.0,112.0,59.0,79.0,29.0,26.0,38.0,36.0,27.0,34.0,0.0,0.0,0.0,0.0,0.0,0.0,0.0,41.0,36.0,55.0,45.0,13.0,213.0,141.0,15.0,15.0,87.0,0.0,10.0,60.0,11.0,15.0,30.0,0.0,0.0,70.0,78.0,0.0,128.0,18.0,0.0,0.0,0.0,0.0,0.0,0.0,0.0,0.0,0.0,3157.0,597.0,846.0,2056.0,3593.0,924.0,634.0,1572.0,1830.0,39.0,411.0,1449.0,546.0,2470.0,2903.0,530.0,34.0,2186.0,1685.0,2721.0,863.0,370.0,585.0,61.0,590.0,20.0,0.0,0.0,0.0,0.0,3421.0,0.0,0.0,0.0,0.0,0.0,0.0,0.0,14.0,14.0,0.0,0.0,112.0,84.0,86.0,5.0,21.0,60.0,35.0,36.0,23.0,5.0,12.0,9.0,27.0,12.0,0.0,0.0,0.0,0.0,0.0,0.0,0.0,26.0,9.0,25.0,12.0,3.0,108.0,83.0,4.0,4.0,37.0,0.0,4.0,18.0,3.0,4.0,8.0,0.0,0.0,41.0,31.0,0.0,44.0,7.0,0.0,0.0,0.0,0.0,0.0,0.0,0.0,0.0,0.0,1435.0,228.0,353.0,873.0,1681.0,506.0,291.0,733.0,819.0,11.0,192.0,546.0,328.0,1145.0,1355.0,251.0,28.0,1094.0,816.0,1343.0,370.0,137.0,246.0,23.0,226.0,5.0,0.0,0.0,0.0,0.0,14865.0,0.0,0.0,0.0,0.0,0.0,0.0,0.0,82.0,82.0,0.0,0.0,530.0,423.0,352.0,26.0,119.0,281.0,147.0,183.0,92.0,34.0,76.0,49.0,103.0,70.0,0.0,0.0,0.0,0.0,0.0,0.0,0.0,102.0,49.0,89.0,87.0,26.0,428.0,314.0,29.0,29.0,181.0,0.0,15.0,117.0,8.0,29.0,57.0,0.0,0.0,174.0,134.0,0.0,230.0,22.0,0.0,0.0,0.0,0.0,0.0,0.0,0.0,0.0,0.0,6301.0,1064.0,1621.0,3875.0,7145.0,1994.0,1323.0,3230.0,3621.0,67.0,815.0,2470.0,1145.0,5145.0,5834.0,1052.0,106.0,4732.0,3533.0,5562.0,1713.0,684.0,1130.0,115.0,1132.0,27.0,0.0,0.0,0.0,0.0,17506.0,0.0,0.0,0.0,0.0,0.0,0.0,0.0,93.0,93.0,0.0,0.0,619.0,538.0,424.0,26.0,132.0,291.0,149.0,197.0,109.0,54.0,97.0,66.0,118.0,72.0,0.0,0.0,0.0,0.0,0.0,0.0,0.0,100.0,66.0,125.0,69.0,31.0,541.0,390.0,23.0,23.0,177.0,0.0,12.0,108.0,12.0,23.0,65.0,0.0,0.0,186.0,145.0,0.0,241.0,30.0,0.0,0.0,0.0,0.0,0.0,0.0,0.0,0.0,0.0,7350.0,1244.0,1974.0,4678.0,8407.0,2364.0,1500.0,3891.0,4289.0,63.0,987.0,2903.0,1355.0,5834.0,7098.0,1242.0,122.0,5508.0,4060.0,6774.0,2089.0,862.0,1372.0,109.0,1250.0,44.0,0.0,0.0,0.0,0.0,3133.0,0.0,0.0,0.0,0.0,0.0,0.0,0.0,18.0,18.0,0.0,0.0,122.0,91.0,72.0,7.0,16.0,57.0,24.0,29.0,17.0,8.0,15.0,10.0,20.0,10.0,0.0,0.0,0.0,0.0,0.0,0.0,0.0,20.0,10.0,22.0,9.0,5.0,86.0,68.0,3.0,3.0,36.0,0.0,2.0,20.0,1.0,3.0,5.0,0.0,0.0,31.0,35.0,0.0,42.0,3.0,0.0,0.0,0.0,0.0,0.0,0.0,0.0,0.0,0.0,1286.0,211.0,341.0,803.0,1521.0,416.0,256.0,690.0,769.0,13.0,183.0,530.0,251.0,1052.0,1242.0,268.0,25.0,951.0,741.0,1227.0,389.0,154.0,243.0,28.0,224.0,8.0,0.0,0.0,0.0,0.0,314.0,0.0,0.0,0.0,0.0,0.0,0.0,0.0,1.0,1.0,0.0,0.0,11.0,7.0,7.0,1.0,0.0,3.0,3.0,1.0,4.0,0.0,0.0,0.0,5.0,0.0,0.0,0.0,0.0,0.0,0.0,0.0,0.0,1.0,0.0,0.0,0.0,0.0,11.0,8.0,0.0,0.0,4.0,0.0,0.0,2.0,0.0,0.0,0.0,0.0,0.0,5.0,3.0,0.0,4.0,0.0,0.0,0.0,0.0,0.0,0.0,0.0,0.0,0.0,0.0,124.0,18.0,30.0,69.0,157.0,56.0,29.0,72.0,77.0,1.0,20.0,34.0,28.0,106.0,122.0,25.0,6.0,110.0,81.0,131.0,40.0,13.0,17.0,3.0,14.0,0.0,0.0,0.0,0.0,0.0,14040.0,0.0,0.0,0.0,0.0,0.0,0.0,0.0,60.0,60.0,0.0,0.0,484.0,442.0,337.0,16.0,133.0,286.0,168.0,202.0,104.0,34.0,74.0,51.0,121.0,80.0,0.0,0.0,0.0,0.0,0.0,0.0,0.0,89.0,51.0,71.0,57.0,22.0,458.0,298.0,19.0,19.0,154.0,0.0,17.0,79.0,7.0,19.0,68.0,0.0,0.0,177.0,107.0,0.0,188.0,20.0,0.0,0.0,0.0,0.0,0.0,0.0,0.0,0.0,0.0,5980.0,935.0,1542.0,3708.0,6602.0,1931.0,1178.0,3039.0,3460.0,48.0,797.0,2186.0,1094.0,4732.0,5508.0,951.0,110.0,4676.0,3247.0,5288.0,1580.0,648.0,1061.0,84.0,994.0,25.0,0.0,0.0,0.0,0.0,10253.0,0.0,0.0,0.0,0.0,0.0,0.0,0.0,57.0,57.0,0.0,0.0,365.0,272.0,246.0,21.0,74.0,177.0,90.0,111.0,63.0,22.0,48.0,29.0,74.0,42.0,0.0,0.0,0.0,0.0,0.0,0.0,0.0,69.0,29.0,62.0,54.0,16.0,292.0,222.0,18.0,18.0,121.0,0.0,7.0,82.0,8.0,18.0,32.0,0.0,0.0,119.0,97.0,0.0,158.0,15.0,0.0,0.0,0.0,0.0,0.0,0.0,0.0,0.0,0.0,4312.0,729.0,1108.0,2635.0,5009.0,1420.0,929.0,2250.0,2482.0,46.0,558.0,1685.0,816.0,3533.0,4060.0,741.0,81.0,3247.0,2481.0,3907.0,1199.0,470.0,758.0,83.0,760.0,18.0,0.0,0.0,0.0,0.0,16993.0,0.0,0.0,0.0,0.0,0.0,0.0,0.0,87.0,87.0,0.0,0.0,592.0,490.0,399.0,22.0,116.0,280.0,137.0,181.0,101.0,55.0,88.0,63.0,127.0,50.0,0.0,0.0,0.0,0.0,0.0,0.0,0.0,104.0,63.0,108.0,63.0,26.0,512.0,380.0,21.0,21.0,164.0,0.0,8.0,97.0,10.0,21.0,55.0,0.0,0.0,181.0,159.0,0.0,215.0,21.0,0.0,0.0,0.0,0.0,0.0,0.0,0.0,0.0,0.0,7056.0,1184.0,1860.0,4551.0,8065.0,2343.0,1396.0,3792.0,4130.0,50.0,988.0,2721.0,1343.0,5562.0,6774.0,1227.0,131.0,5288.0,3907.0,6752.0,2046.0,807.0,1321.0,103.0,1166.0,44.0,0.0,0.0,0.0,0.0,5190.0,0.0,0.0,0.0,0.0,0.0,0.0,0.0,34.0,34.0,0.0,0.0,202.0,150.0,119.0,10.0,32.0,73.0,35.0,49.0,26.0,18.0,25.0,19.0,34.0,16.0,0.0,0.0,0.0,0.0,0.0,0.0,0.0,25.0,19.0,26.0,24.0,5.0,149.0,107.0,8.0,8.0,53.0,0.0,1.0,38.0,1.0,8.0,14.0,0.0,0.0,47.0,51.0,0.0,77.0,6.0,0.0,0.0,0.0,0.0,0.0,0.0,0.0,0.0,0.0,2159.0,392.0,599.0,1413.0,2480.0,688.0,447.0,1167.0,1284.0,22.0,306.0,863.0,370.0,1713.0,2089.0,389.0,40.0,1580.0,1199.0,2046.0,684.0,269.0,415.0,40.0,358.0,16.0,0.0,0.0,0.0,0.0,2093.0,0.0,0.0,0.0,0.0,0.0,0.0,0.0,12.0,12.0,0.0,0.0,80.0,79.0,50.0,3.0,15.0,34.0,16.0,24.0,12.0,9.0,14.0,10.0,12.0,10.0,0.0,0.0,0.0,0.0,0.0,0.0,0.0,9.0,10.0,15.0,6.0,5.0,66.0,43.0,2.0,2.0,20.0,0.0,1.0,12.0,2.0,2.0,10.0,0.0,0.0,20.0,18.0,0.0,29.0,3.0,0.0,0.0,0.0,0.0,0.0,0.0,0.0,0.0,0.0,881.0,153.0,250.0,581.0,996.0,262.0,170.0,478.0,530.0,8.0,122.0,370.0,137.0,684.0,862.0,154.0,13.0,648.0,470.0,807.0,269.0,122.0,174.0,13.0,155.0,7.0,0.0,0.0,0.0,0.0,3462.0,0.0,0.0,0.0,0.0,0.0,0.0,0.0,19.0,19.0,0.0,0.0,125.0,111.0,79.0,2.0,35.0,68.0,27.0,46.0,15.0,13.0,23.0,14.0,21.0,20.0,0.0,0.0,0.0,0.0,0.0,0.0,0.0,22.0,14.0,25.0,18.0,6.0,100.0,74.0,6.0,6.0,33.0,0.0,1.0,18.0,1.0,6.0,13.0,0.0,0.0,33.0,30.0,0.0,44.0,6.0,0.0,0.0,0.0,0.0,0.0,0.0,0.0,0.0,0.0,1471.0,253.0,389.0,972.0,1575.0,417.0,270.0,763.0,855.0,12.0,203.0,585.0,246.0,1130.0,1372.0,243.0,17.0,1061.0,758.0,1321.0,415.0,174.0,303.0,19.0,267.0,11.0,0.0,0.0,0.0,0.0,295.0,0.0,0.0,0.0,0.0,0.0,0.0,0.0,3.0,3.0,0.0,0.0,14.0,5.0,7.0,2.0,0.0,3.0,1.0,1.0,0.0,0.0,0.0,0.0,1.0,2.0,0.0,0.0,0.0,0.0,0.0,0.0,0.0,2.0,0.0,0.0,3.0,0.0,4.0,4.0,1.0,1.0,6.0,0.0,0.0,6.0,0.0,1.0,0.0,0.0,0.0,2.0,5.0,0.0,8.0,1.0,0.0,0.0,0.0,0.0,0.0,0.0,0.0,0.0,0.0,126.0,26.0,31.0,69.0,165.0,42.0,34.0,63.0,72.0,4.0,15.0,61.0,23.0,115.0,109.0,28.0,3.0,84.0,83.0,103.0,40.0,13.0,19.0,7.0,28.0,0.0,0.0,0.0,0.0,0.0,3243.0,0.0,0.0,0.0,0.0,0.0,0.0,0.0,19.0,19.0,0.0,0.0,113.0,103.0,77.0,5.0,34.0,70.0,24.0,46.0,11.0,11.0,24.0,12.0,16.0,24.0,0.0,0.0,0.0,0.0,0.0,0.0,0.0,27.0,12.0,24.0,24.0,11.0,78.0,63.0,8.0,8.0,40.0,0.0,1.0,31.0,3.0,8.0,18.0,0.0,0.0,34.0,32.0,0.0,51.0,7.0,0.0,0.0,0.0,0.0,0.0,0.0,0.0,0.0,0.0,1398.0,238.0,348.0,869.0,1543.0,391.0,280.0,711.0,781.0,18.0,168.0,590.0,226.0,1132.0,1250.0,224.0,14.0,994.0,760.0,1166.0,358.0,155.0,267.0,28.0,305.0,6.0,0.0,0.0,0.0,0.0,100.0,0.0,0.0,0.0,0.0,0.0,0.0,0.0,1.0,1.0,0.0,0.0,4.0,4.0,2.0,0.0,1.0,1.0,0.0,1.0,0.0,1.0,1.0,1.0,0.0,0.0,0.0,0.0,0.0,0.0,0.0,0.0,0.0,0.0,1.0,1.0,0.0,0.0,3.0,2.0,0.0,0.0,0.0,0.0,0.0,0.0,0.0,0.0,0.0,0.0,0.0,0.0,1.0,0.0,1.0,0.0,0.0,0.0,0.0,0.0,0.0,0.0,0.0,0.0,0.0,41.0,9.0,15.0,35.0,42.0,9.0,6.0,23.0,26.0,0.0,7.0,20.0,5.0,27.0,44.0,8.0,0.0,25.0,18.0,44.0,16.0,7.0,11.0,0.0,6.0,1.0,0.0,0.0,0.0,0.0,0.0,0.0,0.0,0.0,0.0,0.0,0.0,0.0,0.0,0.0,0.0,0.0,0.0,0.0,0.0,0.0,0.0,0.0,0.0,0.0,0.0,0.0,0.0,0.0,0.0,0.0,0.0,0.0,0.0,0.0,0.0,0.0,0.0,0.0,0.0,0.0,0.0,0.0,0.0,0.0,0.0,0.0,0.0,0.0,0.0,0.0,0.0,0.0,0.0,0.0,0.0,0.0,0.0,0.0,0.0,0.0,0.0,0.0,0.0,0.0,0.0,0.0,0.0,0.0,0.0,0.0,0.0,0.0,0.0,0.0,0.0,0.0,0.0,0.0,0.0,0.0,0.0,0.0,0.0,0.0,0.0,0.0,0.0,0.0,0.0,0.0,0.0,0.0,0.0,0.0,0.0,0.0,0.0,0.0,0.0,0.0,0.0,0.0,0.0,0.0,0.0,0.0,0.0,0.0,0.0,0.0,0.0,0.0,0.0,0.0,0.0,0.0,0.0,0.0,0.0,0.0,0.0,0.0,0.0,0.0,0.0,0.0,0.0,0.0,0.0,0.0,0.0,0.0,0.0,0.0,0.0,0.0,0.0,0.0,0.0,0.0,0.0,0.0,0.0,0.0,0.0,0.0,0.0,0.0,0.0,0.0,0.0,0.0,0.0,0.0,0.0,0.0,0.0,0.0,0.0,0.0,0.0,0.0,0.0,0.0,0.0,0.0,0.0,0.0,0.0,0.0,0.0,0.0,0.0,0.0,0.0,0.0,0.0,0.0,0.0,0.0,0.0,0.0,0.0,0.0,0.0,0.0,0.0,0.0,0.0,0.0,0.0,0.0,0.0,0.0,0.0,0.0,0.0,0.0,0.0,0.0,0.0,0.0,0.0,0.0,0.0,0.0,0.0,0.0,0.0,0.0,0.0,0.0,0.0,0.0,0.0,0.0,0.0,0.0,0.0,0.0,0.0,0.0,0.0,0.0,0.0,0.0,0.0,0.0,0.0,0.0,0.0,0.0,0.0,0.0,0.0,0.0,0.0,0.0,0.0,0.0,0.0,0.0,0.0,0.0,0.0,0.0,0.0,0.0,0.0,0.0,0.0,0.0,0.0,0.0,0.0,0.0,0.0,0.0,0.0,0.0,0.0,0.0,0.0,0.0,0.0,0.0,0.0,0.0,0.0,0.0,0.0,0.0,0.0,0.0,0.0,0.0,0.0,0.0,0.0,0.0,0.0,0.0,0.0,0.0,0.0,0.0,0.0,0.0,0.0,0.0,0.0,0.0,0.0,0.0,0.0,0.0,0.0,0.0,0.0,0.0,0.0,0.0,0.0,0.0,0.0,0.0,0.0,0.0,0.0,0.0,0.0,0.0,0.0,0.0,0.0,0.0,0.0,0.0,0.0,0.0,0.0,0.0,0.0,0.0,0.0,0.0,0.0,0.0,0.0,0.0,0.0,0.0,0.0,0.0,0.0,0.0,0.0,0.0,0.0,0.0,0.0,0.0,0.0,0.0,0.0,0.0,0.0,0.0,0.0,0.0,0.0,0.0,0.0,0.0,0.0,0.0,0.0,0.0,0.0,0.0,0.0,0.0,0.0,0.0,0.0,0.0,0.0,0.0,0.0,0.0,0.0,0.0,0.0,0.0,0.0,0.0,0.0,0.0,0.0,0.0,0.0,0.0,0.0,0.0
